[Paper0]
Name=Custom Size 1
DisplayName=Custom Size 1
Width=1231.8999999999999
Height=279.39999999999998
MarginTop=6.3499999999999996
MarginBottom=14.224
MarginLeft=6.3499999999999996
MarginRight=6.3499999999999996
Orientation=portrait
